MST - Soma total = 359.78
634 310 0.01
160 212 0.01
788 234 0.01
57 232 0.01
721 513 0.01
602 561 0.01
534 136 0.01
829 291 0.01
506 115 0.01
326 479 0.01
85 402 0.01
592 622 0.01
41 635 0.01
887 33 0.01
923 702 0.01
982 224 0.01
805 341 0.01
638 898 0.01
239 453 0.01
55 732 0.01
876 914 0.01
356 638 0.01
45 421 0.01
282 487 0.01
218 426 0.01
698 255 0.01
645 326 0.01
158 565 0.01
52 491 0.01
930 271 0.01
199 620 0.01
286 367 0.01
748 551 0.01
245 897 0.02
999 272 0.02
961 792 0.02
113 297 0.02
424 452 0.02
492 20 0.02
385 354 0.02
83 389 0.02
693 636 0.02
563 396 0.02
686 112 0.02
812 546 0.02
99 818 0.02
858 225 0.02
142 6 0.02
860 870 0.02
607 248 0.02
259 877 0.02
772 963 0.02
783 608 0.02
369 825 0.02
285 698 0.03
226 496 0.03
125 855 0.03
434 923 0.03
762 811 0.03
340 927 0.03
987 95 0.03
397 157 0.03
598 645 0.03
652 721 0.03
665 538 0.03
998 554 0.03
798 477 0.03
852 276 0.03
207 619 0.03
377 344 0.03
531 632 0.03
398 409 0.03
982 510 0.03
636 790 0.03
198 939 0.03
139 776 0.03
441 393 0.03
658 315 0.03
306 268 0.03
785 439 0.03
31 208 0.03
70 137 0.03
828 150 0.04
965 959 0.04
695 763 0.04
900 814 0.04
9 901 0.04
197 184 0.04
690 613 0.04
310 463 0.04
147 980 0.04
515 318 0.04
165 199 0.04
126 986 0.04
66 146 0.04
138 856 0.04
962 976 0.04
345 334 0.04
763 151 0.04
591 488 0.04
873 305 0.04
103 185 0.04
631 762 0.04
940 327 0.04
99 599 0.04
742 71 0.04
213 609 0.04
350 92 0.04
81 969 0.04
783 13 0.05
453 756 0.05
683 338 0.05
1000 48 0.05
855 98 0.05
58 953 0.05
949 222 0.05
727 192 0.05
379 534 0.05
378 378 0.05
645 211 0.05
831 787 0.05
652 164 0.05
333 175 0.05
561 348 0.05
771 324 0.05
733 865 0.05
846 700 0.05
861 168 0.05
502 266 0.05
837 250 0.05
50 198 0.05
359 144 0.06
945 695 0.06
159 736 0.06
123 651 0.06
390 895 0.06
38 358 0.06
899 109 0.06
408 235 0.06
115 21 0.06
580 117 0.06
843 158 0.06
81 542 0.06
53 932 0.06
288 238 0.06
816 659 0.06
714 65 0.06
222 209 0.06
616 520 0.06
607 395 0.06
782 849 0.06
890 993 0.06
216 285 0.06
678 558 0.06
697 66 0.06
204 173 0.07
923 289 0.07
317 569 0.07
353 802 0.07
938 461 0.07
183 900 0.07
233 652 0.07
165 500 0.07
193 557 0.07
66 217 0.07
313 844 0.07
361 373 0.07
232 87 0.07
376 577 0.07
520 549 0.07
507 415 0.07
371 23 0.07
249 550 0.08
995 188 0.08
724 320 0.08
59 689 0.08
349 200 0.08
97 346 0.08
672 32 0.08
739 53 0.08
670 278 0.08
379 392 0.08
279 30 0.08
46 350 0.08
141 804 0.08
951 182 0.08
98 465 0.08
378 357 0.08
821 353 0.08
944 523 0.08
32 794 0.08
747 744 0.08
310 679 0.08
41 382 0.08
595 848 0.08
847 864 0.08
782 449 0.08
998 228 0.08
383 490 0.08
848 312 0.08
173 778 0.08
927 25 0.08
757 940 0.08
802 347 0.08
492 161 0.08
280 135 0.09
914 947 0.09
858 730 0.09
974 831 0.09
394 739 0.09
809 342 0.09
766 840 0.09
983 138 0.09
356 474 0.09
556 201 0.09
10 125 0.09
719 247 0.09
148 481 0.09
762 1 0.09
424 857 0.09
244 190 0.09
476 706 0.09
564 873 0.09
690 76 0.09
595 507 0.09
41 729 0.09
509 369 0.09
430 483 0.09
279 990 0.1
407 44 0.1
807 260 0.1
930 934 0.1
879 707 0.1
893 982 0.1
528 178 0.1
286 64 0.1
745 253 0.1
700 926 0.1
334 94 0.1
482 56 0.1
580 637 0.1
441 603 0.1
738 27 0.1
883 852 0.1
284 82 0.1
473 547 0.1
733 284 0.1
408 422 0.1
873 884 0.1
15 107 0.1
971 691 0.1
73 770 0.1
420 91 0.1
227 54 0.1
760 37 0.1
957 580 0.1
631 110 0.11
464 181 0.11
965 11 0.11
315 420 0.11
539 626 0.11
732 478 0.11
771 552 0.11
482 177 0.11
711 391 0.11
585 134 0.11
957 100 0.11
175 14 0.11
887 106 0.11
535 808 0.11
430 991 0.11
932 408 0.11
831 920 0.11
631 666 0.11
573 807 0.11
787 317 0.11
285 709 0.11
933 261 0.11
257 841 0.12
365 592 0.12
589 239 0.12
60 905 0.12
915 933 0.12
568 774 0.12
387 553 0.12
152 262 0.12
973 456 0.12
695 202 0.12
663 51 0.12
386 345 0.12
323 754 0.12
313 412 0.12
698 515 0.12
75 690 0.12
598 398 0.12
884 361 0.12
976 968 0.12
796 566 0.12
309 34 0.13
848 166 0.13
333 761 0.13
735 917 0.13
453 570 0.13
797 967 0.13
46 755 0.13
488 677 0.13
948 263 0.13
215 307 0.13
986 686 0.13
644 611 0.13
939 716 0.13
215 875 0.13
925 974 0.14
875 204 0.14
42 18 0.14
597 460 0.14
412 885 0.14
240 687 0.14
601 585 0.14
844 992 0.14
55 859 0.14
979 462 0.14
211 186 0.14
398 633 0.14
550 888 0.14
700 680 0.14
484 243 0.14
348 16 0.15
86 187 0.15
204 713 0.15
683 443 0.15
100 830 0.15
504 937 0.15
217 727 0.15
279 83 0.15
213 598 0.15
352 302 0.15
836 997 0.15
83 489 0.15
77 594 0.15
468 772 0.15
364 86 0.15
761 954 0.16
293 445 0.16
789 925 0.16
746 118 0.16
433 869 0.16
174 769 0.16
797 35 0.16
122 924 0.16
75 425 0.16
495 133 0.16
96 803 0.16
956 516 0.16
753 584 0.16
104 265 0.16
41 874 0.16
710 153 0.16
351 417 0.16
153 368 0.16
561 472 0.16
933 910 0.17
683 36 0.17
547 858 0.17
690 9 0.17
448 999 0.17
899 850 0.17
580 981 0.17
307 883 0.17
195 325 0.17
401 374 0.17
313 571 0.17
558 333 0.17
224 218 0.17
654 372 0.18
714 863 0.18
344 231 0.18
960 58 0.18
817 385 0.18
229 904 0.18
814 757 0.18
939 775 0.18
662 579 0.18
616 97 0.18
114 431 0.18
231 676 0.18
500 658 0.18
781 961 0.18
163 246 0.18
417 437 0.18
482 919 0.18
769 429 0.18
183 725 0.18
498 816 0.18
545 866 0.19
835 105 0.19
592 723 0.19
237 90 0.19
124 336 0.19
357 955 0.19
908 8 0.19
900 624 0.19
303 376 0.19
850 267 0.19
857 957 0.19
73 746 0.19
918 735 0.19
11 279 0.19
50 604 0.19
894 206 0.19
938 574 0.19
140 742 0.2
124 77 0.2
296 909 0.2
247 165 0.2
717 665 0.2
294 760 0.2
469 121 0.2
275 288 0.2
258 882 0.2
426 617 0.2
427 670 0.2
484 435 0.2
732 539 0.2
911 131 0.21
533 890 0.21
617 921 0.21
135 540 0.21
325 793 0.21
15 295 0.21
236 946 0.21
649 274 0.21
166 258 0.21
661 973 0.21
527 72 0.21
379 595 0.21
495 365 0.22
776 189 0.22
548 779 0.22
613 975 0.22
240 169 0.22
235 7 0.22
218 191 0.22
994 532 0.22
825 586 0.22
23 179 0.22
907 237 0.22
543 820 0.22
201 699 0.22
763 485 0.22
605 988 0.22
942 835 0.22
126 475 0.23
310 473 0.23
318 132 0.23
198 303 0.23
251 43 0.23
607 893 0.23
495 949 0.23
39 68 0.23
263 504 0.23
289 871 0.23
479 660 0.23
350 468 0.23
96 39 0.23
522 162 0.23
228 214 0.23
193 457 0.23
961 194 0.24
855 935 0.24
250 759 0.24
296 562 0.24
609 469 0.24
805 600 0.24
482 220 0.24
73 575 0.24
900 956 0.24
591 985 0.24
21 568 0.24
279 722 0.24
467 845 0.24
316 436 0.24
318 847 0.24
478 674 0.24
326 995 0.25
741 718 0.25
820 10 0.25
550 287 0.25
928 379 0.25
970 653 0.25
985 589 0.25
121 657 0.25
820 63 0.25
565 282 0.25
958 964 0.25
606 448 0.26
293 800 0.26
425 767 0.26
466 160 0.26
764 970 0.26
948 944 0.26
166 249 0.26
861 404 0.26
178 911 0.26
221 28 0.26
225 59 0.26
20 798 0.26
827 681 0.26
221 440 0.26
573 796 0.26
757 355 0.26
497 103 0.26
140 494 0.26
722 958 0.26
52 195 0.26
194 337 0.27
157 418 0.27
314 720 0.27
796 588 0.27
535 505 0.27
37 349 0.27
313 605 0.27
340 913 0.27
186 2 0.27
268 938 0.27
569 447 0.27
913 749 0.27
386 332 0.27
383 908 0.27
411 688 0.27
739 286 0.27
777 593 0.27
925 196 0.27
332 377 0.28
493 15 0.28
371 747 0.28
689 104 0.28
115 512 0.28
410 783 0.28
244 499 0.28
832 824 0.28
76 618 0.28
853 936 0.28
536 309 0.28
759 386 0.28
459 511 0.29
846 683 0.29
103 715 0.29
890 236 0.29
440 559 0.29
732 401 0.29
120 394 0.29
819 668 0.29
796 245 0.29
119 880 0.29
407 655 0.29
427 183 0.3
623 5 0.3
358 741 0.3
188 242 0.3
224 370 0.3
493 941 0.3
693 817 0.3
410 277 0.3
642 851 0.31
263 621 0.31
823 172 0.31
470 419 0.31
705 47 0.31
587 174 0.31
680 492 0.31
740 430 0.31
994 300 0.31
506 259 0.31
131 120 0.31
543 466 0.32
905 4 0.32
214 114 0.32
315 446 0.32
801 805 0.32
380 656 0.32
405 273 0.32
509 615 0.32
297 371 0.33
86 829 0.33
572 737 0.33
218 998 0.33
11 641 0.33
857 176 0.33
779 745 0.33
678 795 0.33
28 75 0.33
362 966 0.33
296 751 0.33
321 526 0.33
515 768 0.33
740 67 0.33
573 55 0.33
636 12 0.34
814 862 0.34
971 464 0.34
926 330 0.34
710 497 0.34
584 717 0.34
352 454 0.34
955 323 0.34
337 819 0.34
6 839 0.34
129 543 0.34
338 142 0.34
664 634 0.34
688 894 0.34
940 928 0.35
40 356 0.35
603 207 0.35
592 606 0.35
814 480 0.35
359 140 0.35
726 861 0.35
61 31 0.35
250 503 0.35
115 950 0.35
938 205 0.35
576 887 0.35
650 471 0.36
76 684 0.36
989 343 0.36
968 89 0.36
917 948 0.36
168 381 0.36
845 912 0.36
224 822 0.36
409 152 0.36
876 42 0.36
815 215 0.36
984 233 0.37
272 809 0.37
462 85 0.37
694 647 0.37
677 734 0.37
942 128 0.37
826 578 0.37
259 537 0.37
49 876 0.37
784 564 0.37
476 269 0.37
681 701 0.37
244 826 0.38
586 815 0.38
688 731 0.38
897 270 0.38
327 596 0.38
599 414 0.38
529 902 0.38
355 714 0.38
308 434 0.38
524 587 0.38
594 147 0.38
423 221 0.38
779 506 0.38
815 810 0.39
857 93 0.39
856 363 0.39
619 529 0.39
484 311 0.39
564 673 0.39
268 892 0.39
941 455 0.39
409 765 0.39
1 789 0.39
607 630 0.39
286 838 0.39
714 696 0.4
492 703 0.4
423 833 0.4
479 889 0.4
251 533 0.4
49 116 0.4
589 719 0.41
313 405 0.41
125 581 0.41
399 627 0.41
372 918 0.41
403 773 0.41
623 143 0.41
901 216 0.41
928 663 0.41
927 509 0.41
608 223 0.41
423 17 0.41
232 170 0.41
886 601 0.41
817 442 0.41
577 777 0.42
547 470 0.42
174 129 0.42
796 304 0.42
499 582 0.42
33 753 0.42
277 293 0.42
829 643 0.42
590 514 0.42
989 625 0.42
82 738 0.42
81 896 0.42
502 45 0.42
10 49 0.43
130 280 0.43
575 712 0.43
389 750 0.43
482 535 0.43
833 80 0.43
321 148 0.43
467 60 0.43
288 69 0.43
900 766 0.44
921 837 0.44
327 843 0.44
695 383 0.44
178 965 0.44
58 616 0.44
225 40 0.44
871 210 0.44
291 662 0.44
273 664 0.44
43 524 0.45
866 733 0.45
729 19 0.45
293 384 0.45
732 254 0.45
273 316 0.45
222 591 0.45
589 290 0.45
28 1000 0.45
664 387 0.45
181 640 0.46
669 159 0.46
461 649 0.46
461 886 0.46
269 907 0.46
97 854 0.47
276 62 0.47
698 806 0.47
31 154 0.48
791 812 0.48
853 380 0.48
855 799 0.48
527 672 0.48
934 319 0.48
331 945 0.48
834 292 0.49
868 576 0.49
677 642 0.49
832 252 0.49
39 38 0.49
523 943 0.49
658 251 0.5
341 145 0.5
225 88 0.5
320 519 0.5
236 764 0.51
498 612 0.51
958 141 0.51
477 797 0.51
138 450 0.51
530 366 0.51
55 740 0.51
677 836 0.52
497 335 0.52
465 661 0.52
392 438 0.52
375 283 0.52
673 403 0.52
754 931 0.52
102 484 0.52
762 607 0.52
98 240 0.52
877 781 0.53
144 3 0.53
635 628 0.53
228 155 0.53
94 631 0.53
446 22 0.53
900 26 0.53
101 962 0.54
25 427 0.54
229 498 0.54
226 256 0.54
596 922 0.54
424 518 0.54
838 782 0.54
238 123 0.54
372 124 0.55
304 685 0.55
713 78 0.55
222 41 0.55
977 301 0.55
500 644 0.56
941 61 0.56
841 541 0.56
861 296 0.56
725 758 0.57
835 52 0.57
456 193 0.57
277 70 0.57
874 96 0.57
345 531 0.57
606 860 0.57
556 375 0.58
655 339 0.58
716 748 0.58
667 388 0.59
499 79 0.59
91 639 0.59
180 29 0.59
507 364 0.59
666 881 0.6
706 352 0.6
448 227 0.6
660 203 0.6
115 952 0.6
167 705 0.6
887 458 0.61
996 977 0.61
687 126 0.61
605 868 0.62
759 697 0.62
990 413 0.62
390 197 0.63
562 219 0.63
992 24 0.63
304 567 0.63
331 113 0.63
461 299 0.64
977 929 0.64
175 548 0.64
729 602 0.64
88 867 0.65
273 996 0.65
966 671 0.65
154 241 0.66
978 390 0.66
9 590 0.66
936 522 0.66
513 726 0.67
737 951 0.67
620 213 0.67
474 360 0.69
450 321 0.69
56 508 0.69
619 623 0.69
650 476 0.7
910 410 0.7
873 536 0.7
664 329 0.7
755 614 0.71
378 322 0.71
466 313 0.71
274 728 0.71
769 853 0.71
128 50 0.71
716 646 0.72
729 563 0.72
997 298 0.72
573 314 0.72
608 294 0.72
163 960 0.72
466 597 0.73
49 424 0.73
453 275 0.73
865 724 0.73
741 433 0.74
112 821 0.74
825 122 0.74
440 416 0.75
755 281 0.76
140 399 0.76
724 130 0.76
36 257 0.77
668 942 0.77
14 610 0.78
92 786 0.78
583 428 0.78
417 710 0.78
114 704 0.78
84 167 0.79
297 906 0.8
47 163 0.8
193 306 0.8
405 84 0.81
995 139 0.81
929 834 0.81
641 930 0.82
28 572 0.82
371 629 0.82
633 711 0.82
70 752 0.83
543 678 0.83
474 780 0.84
956 244 0.84
701 682 0.84
753 149 0.84
95 226 0.85
174 872 0.86
706 916 0.86
483 171 0.87
949 801 0.87
210 708 0.88
579 119 0.88
732 654 0.88
78 102 0.89
276 879 0.89
331 915 0.89
739 692 0.9
957 441 0.91
311 842 0.91
821 486 0.93
301 972 0.94
798 495 0.94
733 530 0.94
271 832 0.95
397 828 0.95
588 675 0.95
692 987 0.95
752 989 0.96
994 555 0.97
307 493 0.98
800 971 0.98
935 328 0.99
162 74 0.99
441 127 1.01
979 459 1.01
556 788 1.02
658 359 1.02
405 397 1.03
808 527 1.04
73 771 1.04
680 648 1.04
633 891 1.04
703 517 1.05
667 694 1.06
545 903 1.06
388 264 1.06
12 351 1.07
684 827 1.08
257 544 1.09
3 156 1.1
767 99 1.1
137 556 1.12
904 846 1.13
7 230 1.13
500 101 1.13
697 501 1.13
309 406 1.13
962 979 1.14
180 467 1.15
742 423 1.16
912 108 1.16
672 407 1.17
411 331 1.17
689 878 1.18
995 545 1.19
934 560 1.2
597 525 1.21
454 308 1.21
370 411 1.21
414 983 1.22
141 362 1.22
479 573 1.23
738 669 1.23
989 73 1.26
692 46 1.27
42 521 1.27
828 81 1.29
898 400 1.29
31 57 1.3
282 813 1.35
350 785 1.36
495 444 1.39
657 650 1.43
41 984 1.43
996 482 1.44
611 528 1.45
675 432 1.48
910 451 1.53
729 823 1.62
609 743 1.69
445 340 1.69
740 502 1.7
39 978 1.7
259 229 1.71
418 111 1.72
402 667 1.76
249 899 1.78
46 784 1.85
184 791 1.87
965 180 2.1
634 994 2.1
346 693 2.12
